A 2
255 255 255 255 255 255 255 255 255 255 255 255 255 102 0 38 125 255 255 255 255 255 255 125 38 38 38 38 15 0 0 102 255 140 64 64 64 64 25 38 153 191 191 76 0 0 36 89 36 33 133 166 166 66 51 204 255 255 201 166 0 56 140 140 163 232 255 255 102 51 204 255 255 255 255 115 125 140 140 140 140 186 255 102 51 204 255 255 255 255 255 189 89 89 89 89 120 166 66 33 133 201 255 201 166 255 255 255 255 255 255 178 64 64 64 64 115 191 76 0 255 255 255 255 255 255 255 255 255 255 255 168 38 15 0 255 255 255 255 255 255 255 255 255 255 255 255 255 102 0 
255 255 255 255 255 255 255 255 255 255 255 255 255 102 0 255 255 255 255 255 255 255 255 255 255 255 168 38 15 0 64 140 255 255 255 255 178 64 64 64 64 38 0 0 0 0 36 89 89 89 89 54 0 0 33 133 166 166 166 166 0 0 0 84 140 140 140 140 56 51 204 255 255 255 255 0 0 0 84 163 232 255 255 102 51 204 255 255 255 255 89 89 89 89 104 150 166 166 66 51 204 255 255 201 166 255 255 255 255 217 102 64 64 64 89 166 191 191 76 0 255 255 255 255 255 255 255 255 255 212 82 38 38 15 0 255 255 255 255 255 255 255 255 255 255 255 255 255 102 0 
B 1
0 0 0 0 0 0 0 0 0 0 0 0 0 0 0 0 46 76 76 76 76 0 0 76 76 76 76 76 46 0 0 153 255 255 255 255 0 0 255 255 255 255 255 153 0 0 153 255 255 255 255 0 0 255 255 255 255 255 153 0 0 153 255 255 255 255 0 0 255 255 255 255 255 153 0 0 153 255 255 255 255 0 0 255 255 255 255 255 153 0 0 0 255 255 255 255 0 0 255 255 255 255 255 107 0 144 0 0 127 127 0 0 0 187 255 255 255 170 0 34 255 71 0 0 0 0 255 0 0 36 76 5 0 0 255 255 255 255 255 255 255 255 255 61 0 0 0 153 255 255 
F 1
0 102 255 255 255 255 255 255 255 255 255 255 255 102 0 0 46 115 115 115 115 115 115 115 115 115 115 115 46 0 0 25 64 64 64 64 38 0 38 64 64 64 64 25 0 0 97 242 242 242 242 145 0 145 242 242 242 242 97 0 0 102 255 255 222 122 54 0 54 122 222 255 255 102 0 0 102 255 255 222 122 89 89 89 122 222 255 255 155 89 0 102 255 255 255 255 255 255 255 255 255 255 255 255 255 0 102 255 255 255 255 255 255 255 255 255 255 255 255 255 0 56 140 140 163 232 255 255 255 255 255 255 255 255 255 0 0 0 0 51 204 255 255 255 255 255 255 255 255 255 
G 1
255 153 0 0 0 0 0 0 0 0 0 102 255 255 255 76 46 0 107 178 178 178 179 178 178 178 138 76 184 255 0 51 128 204 255 255 255 255 255 255 255 204 128 127 127 0 102 255 255 255 255 224 179 224 255 255 255 255 102 0 0 102 255 255 255 255 153 0 153 255 255 255 255 102 0 0 102 255 255 255 255 153 0 153 255 255 255 255 102 0 0 102 255 255 255 255 153 0 153 255 255 184 76 31 0 0 51 128 204 255 255 153 0 77 127 127 77 0 77 127 76 76 76 184 255 255 153 0 46 76 76 76 76 184 255 255 255 255 255 255 255 153 0 153 255 255 255 255 255 255 
H 9
0 0 0 0 0 0 0 0 0 0 0 0 0 0 0 0 0 0 0 0 0 0 0 0 0 0 0 0 0 0 0 0 0 0 0 0 0 0 0 0 0 0 0 57 191 166 166 166 166 149 17 0 0 50 166 166 166 166 192 255 255 255 255 255 229 26 0 0 76 255 255 255 255 255 255 255 255 255 255 229 26 0 0 76 255 255 255 255 255 255 166 166 166 166 149 17 0 0 50 166 166 166 166 192 255 0 0 0 0 0 0 0 0 0 0 0 0 0 57 191 0 0 0 0 0 0 0 0 0 0 0 0 0 0 0 0 0 0 0 0 0 0 0 0 0 0 0 0 0 0 
0 128 255 255 255 255 255 255 255 255 255 255 255 128 0 0 108 217 217 217 217 217 217 217 217 217 217 217 108 0 0 32 64 64 64 64 64 32 11 53 64 64 64 32 0 0 128 255 255 255 255 255 128 42 213 255 255 255 128 0 115 185 255 255 255 255 255 128 42 213 255 255 255 185 115 115 185 255 255 255 255 255 128 42 213 255 255 255 185 115 0 128 255 255 255 255 255 128 42 213 255 255 255 128 0 0 32 64 64 64 64 64 32 11 53 64 64 64 32 0 0 108 217 217 217 217 217 217 217 217 217 217 217 108 0 0 128 255 255 255 255 255 255 255 255 255 255 255 128 0 
0 0 0 0 0 0 0 0 0 0 0 0 0 0 0 0 0 0 0 0 0 0 0 0 0 0 0 0 0 0 0 0 0 0 0 0 0 0 0 0 0 0 0 0 0 166 166 166 166 149 17 0 0 50 166 166 166 166 166 166 255 255 255 255 229 26 0 0 76 255 255 255 255 255 255 255 255 255 255 229 26 0 0 76 255 255 255 255 255 255 166 166 166 166 149 17 0 0 50 166 166 166 166 166 166 0 0 0 0 0 0 0 0 0 0 0 0 0 0 0 0 0 0 0 0 0 0 0 0 0 0 0 0 0 0 0 0 0 0 0 0 0 0 0 0 0 0 0 0 0 
0 0 0 0 0 0 0 0 0 0 0 0 0 0 0 0 0 0 0 0 0 0 0 0 0 0 0 0 0 0 0 0 0 0 0 0 0 0 0 0 0 0 0 0 0 255 255 255 255 229 26 0 0 76 255 255 255 255 255 255 255 255 255 255 229 26 0 0 76 255 255 255 255 255 255 255 255 255 255 229 26 0 0 76 255 255 255 255 255 255 255 255 255 255 229 26 0 0 76 255 255 255 255 255 255 0 0 0 0 0 0 0 0 0 0 0 0 0 0 0 0 0 0 0 0 0 0 0 0 0 0 0 0 0 0 0 0 0 0 0 0 0 0 0 0 0 0 0 0 0 
0 0 0 0 0 0 0 0 0 0 0 0 0 76 255 0 0 0 0 0 0 0 0 0 0 0 0 0 11 38 0 0 0 0 0 0 0 0 0 0 0 0 0 57 191 166 166 166 166 149 17 0 0 50 166 166 166 166 192 255 255 255 255 255 229 26 0 0 76 255 255 255 255 255 255 255 255 255 255 229 26 0 0 76 255 255 255 255 255 255 255 255 255 255 229 26 0 0 76 255 255 255 255 255 255 191 191 191 191 172 19 0 0 57 191 191 191 191 191 191 0 0 0 0 0 0 0 0 0 0 0 0 0 0 0 0 0 0 0 0 0 0 0 0 0 0 0 0 0 0 
255 51 0 0 0 0 0 0 0 0 0 0 0 0 0 38 8 0 0 0 0 0 0 0 0 0 0 0 0 0 191 38 0 0 0 0 0 0 0 0 0 0 0 38 191 255 184 166 166 166 122 0 0 0 122 166 166 166 184 255 255 255 255 255 255 187 0 0 0 187 255 255 255 255 255 255 255 255 255 255 187 0 0 0 187 255 255 255 255 255 255 184 166 166 166 122 0 0 0 122 166 166 166 184 255 255 51 0 0 0 0 0 0 0 0 0 0 0 38 191 255 51 0 0 0 0 0 0 0 0 0 0 0 0 0 255 51 0 0 0 0 0 0 0 0 0 0 0 0 0 
255 76 0 76 255 255 255 255 255 255 255 255 255 255 255 0 0 0 0 0 0 0 0 0 0 0 0 0 0 0 0 0 0 0 0 0 0 0 0 0 0 0 0 0 0 255 76 0 0 0 0 0 0 0 0 0 0 0 0 0 255 255 255 255 229 26 0 0 76 255 255 255 255 255 255 255 255 255 255 229 26 0 0 76 255 255 255 255 255 255 255 255 255 255 229 26 0 0 76 255 255 255 255 255 255 0 0 0 0 0 0 0 0 0 0 0 0 0 0 0 0 0 0 0 0 0 0 0 0 0 0 0 0 0 0 0 0 0 0 0 0 0 0 0 0 0 0 0 0 0 
0 0 0 0 0 0 0 0 0 0 0 0 0 92 250 0 0 0 0 0 0 0 0 0 0 0 0 0 0 143 127 51 0 0 0 0 0 0 0 0 0 0 0 0 0 255 209 179 178 178 0 107 179 178 178 178 178 179 178 178 255 255 255 255 255 184 153 255 255 255 255 255 255 255 255 255 255 255 255 255 0 0 229 255 255 255 255 255 255 255 239 178 179 178 178 0 0 0 178 178 178 178 179 209 255 204 0 0 0 0 0 0 0 0 0 0 0 0 102 255 204 0 0 0 0 0 0 0 0 0 0 0 0 102 255 250 92 0 92 229 229 229 229 229 229 184 0 0 102 255 
251 152 0 152 217 221 255 255 255 255 251 217 217 217 251 229 0 0 0 0 14 140 140 140 140 126 0 0 0 126 229 0 0 0 0 0 0 0 0 0 0 0 0 0 0 255 255 255 255 255 11 0 0 0 11 13 13 6 9 13 255 255 255 255 255 229 0 45 89 238 255 255 172 205 255 238 89 172 255 255 80 0 45 205 255 255 255 255 255 255 11 0 6 13 13 0 0 0 179 255 255 255 255 255 255 0 0 0 0 0 0 0 0 0 0 0 0 0 134 248 126 0 70 140 140 140 98 0 0 0 0 0 0 0 229 251 217 236 255 255 255 244 217 217 217 217 152 0 0 229 
M 1
0 0 0 0 0 0 0 0 0 0 0 0 0 0 0 0 0 0 0 0 0 0 0 0 0 0 0 0 0 0 64 19 0 0 0 0 0 0 0 0 0 45 64 64 64 255 139 45 0 0 0 0 0 0 0 0 116 166 166 166 255 255 185 115 115 115 115 115 80 0 0 0 0 0 0 255 255 255 255 241 129 115 115 80 0 0 0 0 0 0 89 89 89 89 80 9 0 0 0 0 0 0 83 166 166 0 0 0 0 0 0 0 0 0 0 0 0 32 64 64 0 0 0 0 0 0 0 0 0 0 0 0 0 0 0 0 0 0 0 0 0 0 0 0 0 0 0 0 0 0 
N 6
0 102 255 255 255 255 255 255 255 255 255 255 255 102 0 0 31 76 76 76 76 76 76 76 76 76 76 76 31 0 127 77 0 0 26 102 127 128 127 127 127 127 128 51 0 255 184 76 76 97 158 178 179 224 255 255 255 255 148 76 255 255 255 255 209 71 15 0 138 229 229 239 255 255 255 255 255 255 255 250 235 138 0 15 25 25 117 255 255 255 76 148 255 255 255 255 224 179 178 143 36 31 76 184 255 0 51 128 127 127 127 127 128 127 102 26 0 0 77 127 0 31 76 76 76 76 76 76 76 76 76 76 76 76 76 0 102 255 255 255 255 255 255 255 255 255 255 255 255 255 
0 102 255 255 255 255 255 255 255 255 255 255 255 102 0 0 15 38 38 38 38 38 38 38 38 38 38 38 15 0 191 115 0 0 38 153 191 191 191 191 191 191 191 76 0 255 219 166 66 18 71 89 89 189 255 255 255 255 201 166 255 255 255 186 112 28 0 0 69 143 227 255 255 255 255 255 255 255 255 227 143 115 115 46 28 112 186 255 255 255 166 201 255 255 255 255 255 255 155 71 18 66 166 166 166 0 76 191 191 191 191 191 191 191 153 38 0 0 0 0 0 15 38 38 38 38 38 38 38 38 38 38 38 38 38 0 102 255 255 255 255 255 255 255 255 255 255 255 255 255 
255 255 255 255 255 255 255 255 178 83 0 0 60 224 255 255 255 255 255 255 255 86 26 0 0 0 0 0 153 255 255 204 127 127 102 0 0 0 0 0 0 127 170 255 255 221 0 0 0 0 0 0 255 255 255 255 255 255 255 255 221 0 0 0 0 0 0 76 255 255 255 255 255 255 255 255 255 255 255 255 255 124 0 0 95 178 178 179 178 178 255 255 255 255 255 255 255 0 0 0 0 0 0 0 0 238 127 127 127 127 127 127 0 0 0 0 0 0 0 111 199 0 0 0 0 12 26 26 255 255 255 255 255 255 255 0 0 0 167 179 214 255 255 255 255 255 255 255 255 255 
255 255 255 255 255 255 255 255 178 83 0 0 60 224 255 255 255 255 255 255 255 86 26 0 0 0 0 0 153 255 255 204 127 127 0 0 0 0 0 0 0 127 170 255 255 221 0 0 0 0 0 0 229 255 255 255 255 255 255 255 245 107 0 0 0 0 0 0 255 255 255 255 255 255 255 255 255 255 255 255 255 124 0 0 95 178 178 179 178 178 255 255 255 255 255 255 255 0 0 0 0 0 0 0 0 238 127 127 127 127 127 127 0 0 0 0 0 0 0 111 0 0 0 0 0 12 26 26 255 255 255 255 255 255 255 0 0 0 167 179 214 255 255 255 255 255 255 255 255 255 
0 0 255 255 255 255 255 255 255 255 255 255 255 189 89 0 0 255 255 255 255 255 255 255 255 255 255 255 0 0 51 0 0 0 0 0 0 0 0 0 0 0 0 0 0 255 186 140 0 0 143 255 255 255 255 255 255 255 0 0 255 255 255 240 43 0 0 38 255 255 255 255 255 240 247 255 255 255 255 255 211 38 0 0 0 224 255 255 255 255 0 84 255 255 255 255 255 255 115 23 0 84 255 255 255 0 0 0 64 64 64 64 64 64 13 0 0 0 0 51 0 0 0 13 13 0 0 0 5 13 13 13 13 13 13 71 54 255 255 255 255 255 255 255 255 255 255 255 255 255 
242 49 0 0 0 0 0 0 0 0 0 0 0 49 242 0 0 0 0 0 10 38 38 38 10 0 0 0 8 38 64 64 21 0 0 68 255 255 255 115 64 64 64 102 255 255 255 145 42 0 44 166 166 243 255 255 255 255 255 255 255 255 255 180 115 84 0 0 122 224 255 255 255 255 255 255 255 255 255 255 224 140 140 140 121 115 180 255 255 255 255 255 255 255 255 255 255 255 255 68 0 42 145 255 255 64 64 64 64 64 64 64 64 64 17 0 0 21 102 255 0 0 0 0 0 0 0 0 0 0 0 0 0 51 255 242 242 242 113 0 65 242 242 242 242 242 242 242 245 255 
R 3
0 128 255 255 255 255 255 255 255 255 255 255 255 128 0 0 128 255 255 255 255 255 255 255 255 255 255 255 128 0 0 0 0 0 0 0 0 0 0 0 0 0 0 0 0 0 128 255 255 255 213 42 128 255 255 255 255 255 128 0 0 128 255 255 255 213 42 0 42 213 255 255 255 128 0 0 128 255 255 255 213 42 0 0 0 128 255 255 255 255 0 0 42 213 128 0 0 128 213 42 0 0 0 128 255 255 128 0 0 0 42 213 255 255 255 128 0 0 0 0 255 255 255 255 255 255 255 255 255 255 255 213 42 0 0 255 255 255 255 255 255 255 255 255 255 255 255 255 128 0 
0 102 255 255 255 255 255 255 255 255 255 255 255 102 0 0 31 76 76 76 76 76 76 76 76 76 76 76 31 0 0 51 128 127 127 127 77 0 77 127 127 127 128 51 0 0 102 255 255 255 255 153 0 107 194 239 255 255 148 76 0 92 229 245 250 235 138 0 0 46 184 239 255 255 255 0 10 26 163 209 71 15 0 0 5 20 117 255 255 255 0 0 0 46 61 15 71 179 178 143 36 31 76 76 76 127 127 128 127 127 127 178 255 255 229 153 77 0 0 0 255 255 255 255 255 255 255 255 255 255 255 184 76 31 0 255 255 255 255 255 255 255 255 255 255 255 255 255 102 0 
0 128 255 255 255 255 255 255 255 255 255 255 255 128 0 0 0 0 0 0 0 0 0 0 0 0 0 0 0 0 0 0 0 0 0 0 0 0 0 0 0 0 0 0 0 0 128 255 255 255 255 255 128 42 213 255 255 255 128 0 0 128 255 255 255 255 255 128 0 0 128 255 255 255 255 0 0 42 213 255 213 42 0 0 0 0 42 213 255 255 255 128 0 0 0 0 0 128 255 255 128 0 0 0 0 255 255 213 42 0 42 213 255 255 255 255 213 42 0 0 255 255 255 255 255 255 255 255 255 255 255 255 255 128 0 255 255 255 255 255 255 255 255 255 255 255 255 255 128 0 
S 4
255 255 255 255 255 255 255 255 255 204 51 0 0 0 0 255 199 115 115 115 115 115 115 199 232 163 84 0 0 0 191 115 0 38 64 64 38 0 153 255 255 178 64 25 0 13 8 0 145 242 242 145 0 153 255 255 250 242 97 0 0 66 166 219 255 255 153 0 153 255 255 255 255 102 0 0 102 255 255 255 255 153 0 153 255 255 255 255 102 0 13 104 242 250 255 255 158 13 150 245 252 250 242 97 0 191 140 64 178 255 255 229 191 115 102 217 178 64 25 0 140 84 0 84 163 232 255 255 102 28 112 84 0 69 115 0 0 0 0 51 204 255 255 102 0 0 0 0 153 255 
255 128 0 0 128 255 255 255 213 42 0 0 0 0 0 115 57 0 0 57 138 232 255 236 159 70 0 0 70 140 0 32 64 64 32 32 159 223 255 255 159 53 11 96 191 0 121 242 242 121 2 11 134 255 255 249 202 40 6 13 0 128 255 255 128 0 0 128 255 255 255 240 180 83 0 0 83 180 240 172 74 15 83 180 240 255 240 180 83 0 0 0 40 202 249 215 53 6 40 202 242 202 40 6 13 0 0 11 53 159 244 202 96 11 53 64 53 11 96 191 115 115 115 115 185 255 255 185 96 19 0 19 96 185 255 255 255 255 255 255 255 255 255 213 42 0 42 213 255 255 
255 255 255 255 255 255 255 255 255 255 102 0 0 0 0 255 255 110 38 125 255 255 255 255 96 15 0 0 0 0 255 102 21 0 25 64 89 255 255 208 191 191 127 0 0 89 18 0 0 0 0 12 89 233 255 255 255 170 0 0 0 0 93 140 84 0 0 0 99 218 255 255 170 0 0 0 0 170 255 199 84 0 0 0 103 140 140 93 0 0 0 0 110 213 255 211 77 0 0 0 0 0 0 18 89 0 0 0 102 217 255 229 64 64 64 64 64 64 102 255 0 0 0 20 125 255 255 255 255 255 255 255 255 255 255 0 0 0 136 255 255 255 255 255 255 255 255 255 255 255 
255 128 0 0 0 42 213 255 213 42 0 0 0 0 0 255 128 0 0 0 19 96 185 236 159 70 0 0 0 0 191 127 64 64 32 0 0 128 255 255 159 64 64 32 0 13 127 242 242 121 0 0 128 255 255 249 242 242 121 0 0 128 255 255 210 138 28 45 117 227 255 255 255 128 0 0 83 180 240 255 213 42 0 42 213 255 255 255 128 0 0 0 40 202 242 204 51 6 40 202 242 242 242 121 0 0 0 11 53 64 85 170 96 11 53 64 64 64 32 0 115 115 115 115 115 138 232 185 96 19 0 0 0 57 115 255 255 255 255 255 255 255 255 213 42 0 0 0 128 255 
a 2
255 204 85 0 0 17 136 255 136 17 0 0 0 0 0 153 122 51 0 0 10 82 153 82 10 41 88 68 20 0 0 0 0 0 0 0 0 0 0 0 102 221 170 51 0 0 31 102 153 153 143 71 0 71 143 194 241 170 51 0 0 41 136 204 204 190 95 0 95 190 204 204 136 41 0 0 10 34 51 51 48 24 0 24 48 51 51 34 10 0 102 82 34 0 0 0 0 0 0 0 0 0 0 0 0 255 204 85 0 0 0 0 0 0 0 0 0 0 0 0 255 235 187 153 153 153 153 153 153 153 92 20 51 122 153 255 255 255 255 255 255 255 255 255 255 153 34 85 204 255 
0 0 0 34 153 238 119 0 0 0 0 0 85 204 255 0 0 0 34 153 238 119 0 48 95 61 14 51 122 153 0 0 0 34 153 238 119 0 119 238 153 34 0 0 0 0 31 102 146 122 95 48 0 119 238 153 34 0 0 0 0 41 136 177 82 0 0 0 95 190 122 27 0 0 0 0 10 34 44 20 0 0 0 24 48 31 7 0 0 0 102 82 34 0 0 0 0 0 0 0 0 0 0 0 0 255 204 85 0 0 0 0 0 0 0 0 0 0 0 0 255 235 187 153 153 153 153 153 153 153 92 20 51 122 153 255 255 255 255 255 255 255 255 255 255 153 34 85 204 255 
b 1
0 128 255 255 255 255 255 255 255 255 255 255 255 255 255 0 57 115 115 115 115 115 115 115 115 115 115 115 115 115 64 64 64 64 64 53 11 32 64 64 64 64 64 32 0 242 242 242 242 242 202 40 121 242 242 242 242 242 121 0 255 255 255 255 172 74 15 128 255 255 255 255 255 128 0 255 255 255 255 128 0 0 128 255 255 255 255 255 128 0 255 255 255 255 134 11 2 121 242 242 242 242 242 121 0 255 255 255 255 223 159 32 32 64 64 64 64 64 32 0 255 255 255 255 255 232 138 57 0 0 0 19 96 115 115 255 255 255 255 255 255 255 128 0 0 0 42 213 255 255 
c 1
255 204 85 0 0 0 0 0 0 0 0 0 85 204 255 191 153 64 8 38 64 64 64 34 4 0 0 64 153 191 64 51 21 25 115 191 191 191 102 13 0 0 21 51 64 0 13 42 89 178 255 255 255 166 76 64 64 42 13 0 0 38 127 200 229 255 255 255 225 195 191 191 127 38 0 0 38 127 200 229 255 255 255 255 255 255 255 170 51 0 0 13 42 89 178 255 255 255 255 255 255 255 170 51 0 64 51 21 25 115 195 225 255 225 195 191 191 127 38 0 191 153 64 8 38 77 166 255 166 77 64 64 42 13 0 255 204 85 0 0 17 136 255 136 17 0 0 0 0 0 
e 3
255 255 255 255 233 38 0 0 0 0 38 255 255 255 255 255 255 19 0 0 0 0 0 0 0 0 0 19 157 255 255 57 0 0 255 255 161 0 161 255 255 62 0 0 219 110 0 0 255 255 255 161 0 161 255 255 255 202 0 110 0 0 213 255 255 255 161 0 161 255 255 255 255 0 0 0 0 213 255 255 255 161 0 161 255 255 255 255 0 0 110 0 202 255 255 255 161 0 161 255 255 255 202 0 110 219 0 0 62 255 255 161 0 161 255 255 62 0 0 219 255 255 19 0 0 0 0 0 161 255 26 0 0 157 255 255 255 255 255 233 38 0 0 161 255 60 255 255 255 255 
255 255 213 42 0 0 0 0 0 0 0 42 213 255 255 255 166 64 13 0 0 0 0 0 0 0 13 64 166 255 127 64 21 106 64 21 106 128 127 127 64 0 0 64 127 0 38 106 225 128 42 213 255 255 255 166 64 13 0 0 0 128 255 255 128 42 213 255 255 255 255 213 42 0 0 0 128 255 255 128 42 213 255 255 255 255 213 42 0 0 0 38 106 225 128 42 213 255 255 255 255 213 42 0 0 127 64 21 106 64 42 213 255 255 255 255 213 42 64 127 255 166 64 13 0 42 213 255 255 255 217 162 93 166 255 255 255 213 42 0 42 213 255 255 255 128 42 213 255 255 
255 204 85 0 0 0 0 0 0 0 0 0 85 204 255 153 122 51 0 0 7 54 102 54 7 0 0 51 122 153 0 0 0 0 0 17 136 255 136 17 0 0 0 0 0 0 31 102 133 61 17 136 255 207 160 92 20 0 0 0 0 41 136 177 82 17 136 255 255 255 173 78 34 10 0 0 10 34 44 20 17 136 255 255 255 235 211 136 41 0 102 82 34 0 0 17 136 255 255 255 214 166 102 31 0 255 204 85 0 0 17 136 255 255 255 153 34 0 0 0 255 235 187 133 61 17 136 255 184 112 61 14 51 122 153 255 255 255 221 102 17 136 255 136 17 0 0 85 204 255 
l 1
0 128 255 255 255 255 255 255 255 255 255 255 255 128 0 0 115 229 229 229 229 229 229 229 229 229 229 229 115 0 0 64 127 127 128 127 127 128 127 127 128 127 127 64 0 0 13 25 25 26 25 25 26 25 25 26 25 25 13 0 0 0 0 0 0 0 0 0 0 0 0 0 0 0 0 0 0 0 0 0 0 0 0 0 0 0 0 0 0 0 25 26 25 25 26 25 25 26 25 25 26 25 25 13 0 127 128 127 127 128 127 127 128 127 127 128 127 127 64 0 229 229 229 229 229 229 229 229 229 229 229 229 229 115 0 255 255 255 255 255 255 255 255 255 255 255 255 255 128 0 
m 2
0 0 202 255 255 255 255 255 255 255 255 255 253 121 0 213 0 0 0 0 0 0 0 0 0 0 0 0 0 0 213 0 0 0 32 11 53 0 0 0 0 0 0 0 0 240 83 0 255 255 255 255 255 255 255 255 255 255 255 180 213 0 0 0 0 0 0 0 0 0 0 0 0 0 0 236 70 0 0 0 0 0 0 0 0 0 0 0 0 0 255 172 15 180 255 255 255 255 255 255 255 255 255 255 42 213 0 0 95 255 255 255 255 255 255 255 255 255 159 11 213 0 0 0 0 0 0 0 0 0 0 0 0 0 0 255 255 244 202 0 0 0 0 0 0 0 0 0 0 0 
255 51 170 255 255 255 255 255 255 255 255 255 255 204 0 0 0 0 0 0 0 0 0 0 0 0 0 0 0 0 255 51 0 136 255 255 255 255 255 255 255 255 255 204 0 0 0 170 255 255 255 255 255 255 255 255 255 255 245 204 102 20 0 82 153 153 153 153 153 153 153 153 153 122 0 255 255 85 82 153 153 153 153 153 153 153 153 153 122 0 255 51 136 231 255 255 255 255 255 255 255 255 255 245 204 0 0 170 255 255 255 255 255 255 255 255 255 255 204 0 255 92 17 0 0 0 0 0 0 0 0 0 0 0 0 255 255 255 255 255 255 255 255 255 255 255 255 255 204 0 
o 3
255 255 255 255 255 236 229 0 0 0 0 0 0 0 214 255 255 255 219 178 48 0 0 0 0 0 0 0 0 0 255 229 127 68 0 0 0 0 0 34 77 0 0 0 119 243 61 0 0 0 0 0 0 178 199 153 0 0 0 238 24 0 0 0 138 229 229 229 255 194 15 0 0 184 253 0 0 0 119 255 255 255 255 229 168 0 0 170 255 255 0 0 0 119 255 255 255 179 0 0 0 41 195 255 255 119 0 0 60 127 127 127 0 0 0 51 195 255 255 255 238 0 0 0 0 0 0 0 24 179 209 255 255 255 255 253 229 229 229 92 0 0 229 233 255 255 255 255 255 255 
255 255 255 255 166 0 0 0 0 0 0 166 255 255 255 255 255 0 0 0 0 0 13 13 0 0 0 0 242 255 255 64 0 0 0 191 191 255 255 191 0 0 0 0 64 0 0 0 0 255 255 255 140 255 255 255 115 0 0 0 0 0 0 0 0 0 0 0 255 255 255 255 0 0 0 217 0 0 0 0 0 0 0 255 255 255 255 0 0 0 255 255 140 0 0 0 0 0 255 255 255 115 0 0 0 255 255 255 64 0 0 0 0 191 191 0 0 0 64 255 255 255 255 255 242 0 0 0 0 0 0 0 0 255 255 255 255 255 255 255 255 166 0 0 0 166 166 255 255 255 
255 255 255 38 31 0 0 0 0 0 31 197 255 255 255 255 199 0 0 0 0 9 140 140 0 0 0 0 199 255 136 0 0 115 255 255 255 255 255 255 255 115 0 0 136 0 0 81 255 255 255 255 255 255 255 255 255 81 0 0 0 0 195 255 255 255 255 255 255 255 255 255 195 0 0 0 0 195 255 255 255 255 255 255 255 255 255 195 0 0 0 0 81 255 255 255 255 255 255 255 255 255 81 0 0 136 0 0 64 255 255 255 255 255 255 255 115 0 0 136 255 199 0 0 0 0 9 140 9 0 0 0 0 199 255 255 255 255 38 31 0 0 0 0 0 31 38 255 255 255 
r 2
255 51 170 255 255 255 255 255 255 255 255 255 255 204 0 255 51 170 255 255 255 255 255 255 255 255 255 255 204 0 255 51 85 127 127 127 127 128 127 127 127 127 127 102 0 178 36 0 0 0 0 0 0 0 0 0 0 0 0 0 25 25 9 14 25 25 25 26 25 25 25 25 26 20 0 229 229 77 122 229 229 229 229 229 229 229 229 229 184 0 255 112 144 219 255 255 255 255 255 255 255 255 255 204 0 127 26 170 255 255 255 255 255 255 255 255 255 255 229 127 0 0 119 219 255 255 255 255 255 255 255 255 255 255 255 0 0 0 136 255 255 255 255 255 255 255 255 255 255 255 
221 0 0 0 0 0 0 0 0 0 0 0 0 0 0 119 0 0 0 0 0 0 0 0 0 0 0 0 0 0 119 0 0 0 0 0 0 0 0 0 0 0 0 0 0 119 0 64 0 0 0 0 0 0 0 0 0 0 0 0 255 217 64 0 217 255 255 255 255 255 255 255 255 255 255 255 25 0 140 255 255 255 255 255 255 255 255 255 255 255 221 0 0 255 255 255 255 255 255 255 255 255 255 255 255 119 0 127 255 255 255 255 255 255 255 255 255 255 255 255 89 0 170 255 255 255 255 255 255 255 255 255 255 255 255 0 0 170 255 255 255 255 255 255 255 255 255 255 255 255 
s 2
255 229 0 0 0 0 229 255 255 255 0 0 0 229 255 255 0 0 0 0 0 0 179 255 255 0 0 0 0 179 128 0 0 0 128 0 0 0 255 255 128 128 0 0 0 0 0 0 179 255 179 0 0 76 255 255 255 0 0 0 0 0 0 255 255 255 0 0 0 255 255 255 229 0 0 0 0 0 255 255 255 0 0 0 255 255 255 229 0 0 76 0 0 179 179 255 76 0 0 179 255 255 0 0 0 255 0 0 0 0 255 255 0 0 0 128 128 0 0 0 255 179 0 0 0 255 255 179 0 0 0 0 0 0 179 255 255 229 229 229 255 255 255 229 0 0 0 0 229 255 
255 255 229 229 229 229 229 255 255 255 0 0 229 229 255 255 179 0 0 0 0 0 179 255 255 0 0 0 0 179 128 0 0 0 128 0 0 0 255 255 128 0 0 0 0 0 0 0 179 255 179 0 0 255 255 255 179 0 0 0 0 0 0 255 255 255 0 0 26 255 255 255 0 0 0 0 0 0 255 255 255 0 0 0 255 255 255 229 0 0 0 0 0 179 255 255 76 0 0 179 255 255 0 0 0 128 0 0 0 128 255 255 0 0 0 128 128 0 0 0 255 0 0 0 0 255 255 0 0 0 0 0 0 0 179 255 229 229 0 0 255 255 229 0 0 0 0 0 0 255 
t 11
255 255 255 94 0 145 255 255 255 255 255 255 255 255 255 255 255 255 94 0 145 255 255 255 255 255 255 255 255 255 210 64 64 23 0 36 64 64 64 64 64 64 64 121 255 68 0 0 0 0 0 0 0 0 0 0 0 0 27 89 0 0 0 0 0 0 0 0 0 0 0 0 0 0 0 0 0 0 0 0 0 0 0 0 0 0 0 0 0 0 89 89 89 33 0 0 89 89 89 89 89 89 15 0 0 255 255 255 94 0 36 255 255 255 255 255 255 42 0 0 255 255 255 118 4 161 255 255 255 255 255 255 74 0 29 255 255 255 255 26 255 255 255 255 255 255 255 255 0 195 
255 255 255 229 0 255 255 255 255 255 255 255 255 255 255 255 255 255 34 0 103 255 255 255 255 255 255 255 255 255 255 255 255 0 0 76 255 255 255 255 121 255 255 255 255 89 89 89 0 0 27 89 89 89 89 27 89 89 89 205 0 0 0 0 0 0 0 0 0 0 0 0 0 0 80 0 0 0 0 0 0 0 0 0 0 0 0 0 0 0 63 0 0 0 0 0 0 0 0 0 0 0 0 0 0 198 64 64 0 0 19 64 64 64 64 64 64 32 0 0 255 255 255 0 0 76 255 255 255 255 255 255 128 0 27 255 255 255 0 0 76 255 255 255 255 255 255 128 0 179 
255 255 255 255 0 0 255 255 255 255 255 255 255 255 255 255 255 255 67 0 0 255 255 255 255 255 255 255 255 255 204 64 64 8 0 0 64 64 64 64 64 64 64 64 204 187 0 0 0 0 0 0 0 0 0 0 0 0 0 65 84 0 0 0 0 0 0 0 0 0 0 0 0 0 0 84 0 0 0 0 0 0 0 0 0 0 0 0 0 0 211 89 89 12 0 0 89 89 89 89 89 89 30 0 0 255 255 255 34 0 0 255 255 255 255 255 255 85 0 0 255 255 255 67 0 36 255 255 255 255 255 255 111 0 28 255 255 255 255 0 238 255 255 255 255 255 255 255 0 187 
255 255 255 229 0 76 255 255 255 255 255 255 255 255 255 255 255 255 34 0 76 255 255 255 255 255 255 255 255 255 198 64 64 0 0 19 64 64 64 64 64 64 64 64 198 63 0 0 0 0 0 0 0 0 0 0 0 0 0 179 0 0 0 0 0 0 0 0 0 0 0 0 0 0 80 0 0 0 0 0 0 0 0 0 0 0 0 0 0 0 89 89 89 0 0 27 89 89 80 63 89 89 0 0 0 255 255 255 0 0 76 255 255 236 198 255 255 32 0 0 255 255 255 34 0 76 255 255 255 255 255 255 128 0 27 255 255 255 229 0 76 255 255 255 255 255 255 128 0 179 
255 255 255 34 0 238 255 255 255 255 255 255 255 255 255 255 255 255 34 0 36 255 255 255 255 255 255 255 255 255 64 64 64 8 0 0 64 64 64 64 64 64 64 64 204 0 0 0 0 0 0 0 0 0 0 0 0 0 0 65 0 0 0 0 0 0 0 0 0 0 0 0 0 0 0 0 0 0 0 0 0 0 0 0 0 0 0 0 0 0 89 89 89 12 0 0 89 89 89 89 89 89 30 0 0 255 255 255 34 0 0 255 255 255 255 255 255 85 0 0 255 255 255 67 0 36 255 255 255 255 255 255 111 0 0 255 255 255 255 0 238 255 255 255 255 255 255 255 0 0 
255 255 255 34 0 238 255 255 255 255 255 255 255 255 255 255 255 255 34 0 238 255 255 255 255 255 255 255 255 255 127 127 127 17 0 119 127 128 127 127 127 127 127 153 255 0 0 0 0 0 0 0 0 0 0 0 0 0 36 235 0 0 0 0 0 0 0 0 0 0 0 0 0 0 168 0 0 0 0 0 0 0 0 0 0 0 0 0 0 19 131 0 0 0 0 0 0 0 0 0 0 0 0 0 131 221 127 127 17 0 119 127 128 127 127 127 111 0 0 187 255 255 255 34 0 238 255 255 255 255 255 231 25 0 187 255 255 255 34 0 238 255 255 255 255 255 255 85 0 187 
255 255 255 34 0 238 255 255 255 255 255 255 255 255 255 255 255 255 34 0 36 255 255 255 255 255 255 255 255 255 64 64 64 8 0 0 64 64 64 64 64 64 64 64 204 0 0 0 0 0 0 0 0 0 0 0 0 0 0 65 0 0 0 0 0 0 0 0 0 0 0 0 0 0 0 0 0 0 0 0 0 0 0 0 0 0 0 0 0 0 89 89 89 12 0 0 89 89 89 89 89 89 30 0 0 255 255 255 34 0 0 255 255 255 255 255 255 85 0 0 255 255 255 34 0 36 255 255 255 255 255 255 85 0 0 255 255 255 34 0 238 255 255 255 255 255 255 85 0 0 
255 255 255 34 0 0 255 255 255 255 255 255 255 255 255 255 255 255 34 0 0 255 255 255 255 255 255 255 255 255 221 127 127 17 0 0 127 128 127 127 127 127 127 127 221 131 0 0 0 0 0 0 0 0 0 0 0 0 0 131 0 0 0 0 0 0 0 0 0 0 0 0 0 0 0 0 0 0 0 0 0 0 0 0 0 0 0 0 0 0 131 0 0 0 0 0 0 0 0 0 0 0 0 0 0 221 127 127 17 0 0 127 128 127 127 127 127 43 0 0 255 255 255 34 0 0 255 255 255 255 255 255 85 0 56 255 255 255 34 0 0 255 255 255 255 255 255 85 0 187 
255 255 255 136 153 255 255 255 255 255 255 255 255 255 255 255 255 195 41 153 255 255 255 255 255 255 255 255 255 255 255 229 85 0 77 127 127 128 127 127 127 127 127 127 246 178 143 0 0 0 0 0 0 0 0 0 0 0 0 167 25 25 26 14 15 25 25 26 25 25 25 25 26 5 0 229 229 229 122 138 229 229 229 229 229 229 229 229 46 0 255 255 255 136 153 255 255 255 255 255 255 255 255 51 0 255 255 255 136 153 255 255 255 255 255 255 255 255 51 119 255 255 255 172 184 255 255 255 255 255 255 255 204 97 243 255 255 255 255 255 255 255 255 255 255 255 255 85 204 255 
255 255 255 255 26 255 255 255 255 255 255 255 255 255 255 255 255 219 38 4 161 255 255 255 255 255 255 255 255 255 255 255 213 0 0 145 255 255 255 255 255 64 223 255 255 89 89 74 0 0 51 89 89 89 89 89 0 74 89 216 0 0 0 0 0 0 0 0 0 0 0 0 0 0 88 0 0 0 0 0 0 0 0 0 0 0 0 0 0 0 89 89 74 0 0 51 89 89 89 89 89 57 0 0 0 255 255 213 0 0 145 255 255 255 255 255 185 11 0 0 255 255 219 14 4 161 255 255 255 255 255 255 42 0 29 255 255 255 94 26 255 255 255 255 255 255 255 42 0 195 
255 255 255 0 0 213 255 255 255 255 255 255 255 255 255 255 255 255 0 0 213 255 255 255 255 255 255 255 255 255 127 128 127 0 0 106 127 128 127 127 128 127 127 128 234 0 0 0 0 0 0 0 0 0 0 0 0 0 0 213 0 0 0 0 0 0 0 0 0 0 0 0 0 0 213 0 0 0 0 0 0 0 0 0 0 0 0 0 0 213 178 179 178 0 0 0 178 179 178 149 0 0 0 0 64 255 255 255 0 0 106 255 255 255 234 128 127 0 0 106 255 255 255 64 38 225 255 255 255 255 255 255 64 38 225 255 255 255 213 128 255 255 255 255 255 255 255 213 128 255 
u 1
0 51 170 255 255 255 255 255 255 255 255 255 255 255 255 0 15 51 76 76 76 76 76 76 76 76 76 136 219 255 0 0 0 0 0 0 0 0 0 0 0 0 43 102 127 76 76 76 76 76 76 76 76 76 76 76 76 51 15 0 229 235 246 255 255 255 255 255 255 255 245 233 153 46 0 25 71 178 255 255 255 255 255 255 255 163 56 17 5 0 0 15 51 76 76 76 76 76 76 76 46 10 0 0 0 0 0 0 0 0 0 0 0 0 0 0 0 0 0 0 76 76 76 76 76 76 76 76 76 76 76 76 51 15 0 255 255 255 255 255 255 255 255 255 255 255 255 170 51 0 
v 2
0 0 51 153 214 255 255 255 255 255 255 255 255 255 255 0 0 0 0 0 0 0 204 211 255 255 255 255 255 255 0 0 0 0 0 0 0 0 0 0 0 136 255 255 255 204 163 0 0 0 0 0 0 0 0 0 0 0 41 51 255 255 255 255 194 153 153 0 0 0 0 0 0 0 0 255 255 255 255 255 180 153 153 133 0 0 0 0 0 0 204 204 136 0 0 0 0 0 0 0 0 0 34 51 51 0 0 0 0 0 0 0 0 0 0 102 255 255 255 255 0 0 0 0 0 0 177 204 255 255 255 255 255 255 255 143 31 153 153 214 255 255 255 255 255 255 255 255 255 255 
0 204 255 255 255 255 255 255 255 255 255 255 255 255 255 0 51 191 255 255 255 255 255 255 255 255 255 255 255 255 0 0 0 0 76 191 200 255 255 255 255 255 255 255 255 0 153 191 191 115 0 8 64 64 64 178 255 255 255 255 255 255 255 255 255 255 229 64 64 64 25 0 64 191 191 255 255 255 255 255 255 255 255 255 255 217 191 127 0 0 255 255 255 255 255 255 246 191 191 98 64 64 127 255 255 64 217 255 255 178 64 81 191 191 238 255 255 255 255 255 0 0 42 64 140 255 255 255 255 255 255 255 255 255 255 0 153 234 255 255 255 255 255 255 255 255 255 255 255 255 
x 4
242 249 255 255 255 255 255 255 255 255 255 253 244 121 0 0 108 223 249 255 255 255 255 255 255 255 213 42 0 0 0 0 32 159 223 255 255 255 255 255 223 170 85 32 0 0 0 0 0 83 180 240 210 166 166 127 117 227 172 89 115 115 115 115 57 23 117 70 19 96 185 255 255 255 255 255 255 255 255 128 0 0 0 19 96 185 255 255 255 255 89 172 227 117 45 28 138 83 0 0 45 117 227 172 89 0 32 53 11 96 202 244 223 191 191 96 11 53 32 0 0 108 217 217 236 255 255 255 255 255 236 181 36 0 0 0 128 255 255 255 255 255 255 255 255 255 253 244 121 0 
242 249 255 255 255 255 255 255 255 255 255 255 255 128 0 0 108 223 249 255 255 255 255 255 255 255 249 223 108 0 0 0 32 159 223 255 255 255 255 255 223 159 32 0 0 0 45 74 15 83 166 166 210 240 180 83 15 74 89 89 115 185 232 138 57 0 0 70 136 119 115 138 232 255 255 255 255 255 255 128 0 0 0 19 96 185 255 255 255 255 89 172 227 117 45 28 138 166 138 28 45 89 89 89 89 0 32 53 11 96 202 244 255 244 202 96 0 0 0 0 0 0 36 181 236 255 255 255 255 255 236 181 36 0 0 0 121 244 253 255 255 255 255 255 255 255 253 244 121 0 
0 121 244 253 255 255 255 255 255 255 255 255 255 128 0 0 0 36 181 236 255 255 255 255 255 255 249 223 108 0 0 0 0 0 96 202 244 255 244 202 191 170 85 32 0 0 45 74 15 0 28 138 166 138 28 45 117 227 172 89 115 185 232 138 115 96 19 0 0 0 128 255 255 255 255 255 255 255 255 185 96 19 0 0 0 57 138 232 185 115 89 172 227 117 45 28 138 166 138 28 0 15 74 45 0 0 32 85 170 191 202 244 255 244 202 191 159 32 0 0 0 0 42 213 255 255 255 255 255 255 255 249 223 108 0 0 121 244 253 255 255 255 255 255 255 255 255 255 128 0 
0 102 255 255 255 255 255 255 255 255 255 255 170 0 0 0 0 43 127 255 255 255 255 255 255 255 111 0 0 0 127 26 0 0 51 246 255 255 255 127 51 0 0 26 221 255 255 85 0 0 0 60 255 60 0 0 17 212 255 255 255 255 255 255 77 0 0 0 0 9 127 255 255 255 255 255 255 255 255 77 0 0 0 0 9 204 255 255 255 255 255 255 127 17 0 0 60 128 0 0 0 17 212 255 255 127 26 0 0 51 127 255 255 255 119 0 0 0 26 127 0 0 43 128 255 255 255 255 255 255 255 111 0 0 0 0 102 255 255 255 255 255 255 255 255 255 255 255 102 0 
y 1
0 116 166 166 255 255 255 255 255 255 255 255 255 255 255 0 0 0 0 0 137 242 249 255 255 255 255 255 0 0 0 0 0 0 0 0 0 32 64 255 255 255 255 0 0 222 115 96 0 0 0 0 0 0 0 0 140 23 0 0 255 255 255 255 233 38 0 0 0 0 0 0 0 0 0 255 255 255 255 255 132 0 0 0 0 0 0 0 0 166 222 115 96 0 0 0 0 0 0 0 0 51 236 255 255 0 0 0 0 0 0 0 32 64 255 255 255 255 255 255 0 0 0 0 0 0 242 249 255 255 255 255 255 255 255 0 0 166 222 255 255 255 255 255 255 255 255 255 255 255 
1 22
255 153 0 153 255 255 255 255 255 255 255 255 255 102 0 153 92 0 153 255 255 255 255 255 255 255 255 255 102 0 0 0 0 153 255 255 255 255 255 255 255 255 255 102 0 0 0 0 61 102 102 102 102 102 102 102 102 102 41 0 51 51 51 51 51 51 51 51 51 51 51 51 51 20 0 204 204 204 204 204 204 204 204 204 204 204 204 204 82 0 255 255 255 255 255 255 255 255 255 255 255 255 255 102 0 255 255 255 255 255 255 255 255 255 255 255 255 255 102 0 255 255 255 255 255 255 255 255 255 255 255 255 255 102 0 255 255 255 255 255 255 255 255 255 255 255 255 255 102 0 
255 153 0 153 255 255 255 255 255 255 255 255 255 102 0 153 92 0 153 255 255 255 255 255 255 255 255 255 102 0 0 0 0 153 255 255 255 255 255 255 255 255 255 102 0 0 61 153 214 255 255 255 255 255 255 255 255 255 102 0 0 82 204 204 204 204 204 204 204 204 204 204 204 82 0 0 20 51 51 51 51 51 51 51 51 51 51 51 20 0 102 102 102 102 102 102 102 102 102 102 102 102 102 41 0 255 255 255 255 255 255 255 255 255 255 255 255 255 102 0 255 255 255 255 255 255 255 255 255 255 255 255 255 102 0 255 255 255 255 255 255 255 255 255 255 255 255 255 102 0 
255 128 42 213 255 255 255 255 255 255 255 255 255 255 255 229 115 42 213 255 255 255 255 255 255 255 255 255 242 229 127 64 42 213 255 255 255 255 255 255 255 255 255 191 127 25 13 42 213 255 255 255 255 255 255 255 255 255 140 25 0 0 30 149 179 178 178 179 178 178 179 178 178 89 0 0 0 13 64 76 76 76 76 76 76 76 76 76 38 0 25 26 25 25 26 25 25 26 25 25 26 25 25 13 0 127 128 127 127 128 127 127 128 127 127 128 127 127 64 0 229 229 229 229 229 229 229 229 229 229 229 229 229 115 0 255 255 255 255 255 255 255 255 255 255 255 255 255 128 0 
255 51 170 255 255 255 255 255 255 255 255 255 255 204 0 255 51 170 255 255 255 255 255 255 255 255 255 255 204 0 255 51 170 255 255 255 255 255 255 255 255 255 255 204 0 102 20 68 102 102 102 102 102 102 102 102 102 102 82 0 0 0 0 0 0 0 0 0 0 0 0 0 0 0 0 0 0 0 0 0 0 0 0 0 0 0 0 0 0 0 102 102 102 102 102 102 102 102 102 102 102 102 102 82 0 255 255 255 255 255 255 255 255 255 255 255 255 255 204 0 255 255 255 255 255 255 255 255 255 255 255 255 255 204 0 255 255 255 255 255 255 255 255 255 255 255 255 255 204 0 
255 255 255 0 0 255 255 255 255 255 255 255 255 255 255 255 255 128 0 0 255 255 255 255 255 255 255 255 255 255 255 255 128 0 0 255 255 255 255 255 255 255 255 255 255 255 255 128 0 0 255 255 255 255 255 255 255 255 255 255 255 255 128 0 0 255 255 255 255 255 255 255 255 255 255 255 255 0 0 0 0 0 0 0 0 0 0 0 0 0 179 0 0 0 0 0 0 0 0 0 0 0 0 0 0 0 0 0 0 0 0 0 0 0 0 0 0 0 0 0 179 0 0 0 0 0 0 0 0 0 0 0 0 0 0 255 255 255 255 255 255 255 255 255 255 255 255 128 255 255 
255 255 255 229 0 255 255 255 255 255 255 255 255 255 255 255 255 255 0 0 76 255 255 255 255 255 255 255 255 255 255 255 255 0 0 76 255 255 255 255 255 255 255 255 255 255 255 128 0 0 76 255 255 255 255 255 255 255 255 255 255 255 128 0 0 76 255 255 255 255 255 255 255 255 255 255 255 0 0 0 0 0 0 0 0 0 0 0 0 179 179 0 0 0 0 0 0 0 0 0 0 0 0 0 0 0 0 0 0 0 0 0 0 0 0 0 0 0 0 0 179 0 0 0 0 0 0 0 0 0 0 0 0 0 0 255 255 255 255 255 255 255 255 255 255 255 26 128 0 179 
255 255 255 17 0 119 255 255 255 255 255 255 255 255 255 255 255 136 5 0 119 255 255 255 255 255 255 255 255 255 255 255 85 0 0 119 255 255 255 255 255 255 255 255 255 255 255 85 0 0 119 255 255 255 255 255 255 255 255 255 252 229 77 0 0 107 229 229 229 229 229 229 229 229 252 224 25 9 0 0 12 25 26 25 25 25 25 26 25 224 66 0 0 0 0 0 0 0 0 0 0 0 0 0 66 0 0 0 0 0 0 0 0 0 0 0 0 0 0 111 66 0 51 76 76 76 76 76 76 76 76 0 25 76 231 221 0 170 255 255 255 255 255 255 255 255 0 85 255 255 
255 255 255 76 0 255 255 255 255 255 255 255 255 255 255 255 255 166 23 0 94 255 255 255 255 255 255 255 255 255 255 255 128 0 0 26 255 255 255 255 255 255 255 255 255 255 255 128 0 0 26 255 255 255 255 255 255 217 179 247 252 229 115 0 0 23 229 229 229 229 229 229 115 0 206 232 25 13 0 0 3 25 26 25 25 25 25 13 0 23 69 0 0 0 0 0 0 0 0 0 0 0 0 0 0 0 0 0 0 0 0 0 0 0 0 0 0 0 0 0 76 76 76 76 76 76 76 76 76 76 69 0 38 76 76 255 255 255 255 255 255 255 255 255 255 229 0 128 255 255 
255 255 255 195 0 94 255 255 255 255 255 255 255 255 255 255 255 232 88 0 42 175 255 255 255 255 255 255 255 255 255 255 213 0 0 23 146 255 255 255 255 255 255 255 255 255 255 213 0 0 89 248 255 255 255 255 255 255 255 255 255 238 74 0 0 33 89 89 89 89 89 89 89 89 89 166 149 0 0 0 0 0 0 0 0 0 0 0 0 0 0 0 0 0 0 0 0 0 0 0 0 0 0 0 0 0 0 0 0 0 0 0 0 0 0 0 0 0 0 0 115 103 0 27 115 115 115 115 115 115 115 115 115 115 115 255 229 0 60 255 255 255 255 255 255 255 255 255 255 255 
255 255 255 17 51 255 255 255 255 255 255 255 255 255 255 255 255 162 8 23 180 255 255 255 255 255 255 255 255 255 255 255 85 0 0 119 255 255 255 255 255 255 255 255 255 255 255 85 0 0 119 255 255 255 255 255 255 255 255 255 255 255 85 0 0 119 255 255 255 255 255 255 255 255 255 243 166 55 0 0 77 166 166 166 166 166 166 166 166 166 210 0 0 0 0 0 0 0 0 0 0 0 0 0 0 55 0 0 0 0 0 0 0 0 0 0 0 0 0 0 0 0 0 0 0 0 0 0 0 0 0 0 0 0 99 0 0 0 0 0 0 0 0 0 0 0 0 0 0 221 
255 255 42 0 0 213 255 255 255 255 255 255 255 255 255 255 255 42 0 0 213 255 255 255 255 255 255 255 255 255 255 255 42 0 0 213 255 255 255 255 255 255 255 255 255 255 255 42 0 0 213 255 255 255 255 255 255 242 179 242 251 229 38 0 0 191 229 229 229 229 229 229 191 0 213 217 26 4 0 0 21 25 26 25 25 26 25 21 0 213 64 0 0 0 0 0 0 0 0 0 0 0 0 0 64 0 0 0 0 0 0 0 0 0 0 0 0 0 0 0 0 0 0 0 0 0 0 0 0 0 0 0 0 0 64 0 0 0 0 0 0 0 0 0 0 0 0 0 0 213 
255 255 213 0 0 94 255 255 255 255 255 255 255 255 255 255 255 213 0 0 94 255 255 255 255 255 255 255 255 255 255 248 159 0 0 94 255 255 255 255 255 255 255 255 255 255 231 11 0 0 94 255 255 255 255 255 255 255 255 255 255 229 0 0 0 94 255 255 255 255 255 255 255 106 249 166 149 0 0 0 61 166 166 166 166 166 166 166 17 160 0 0 0 0 0 0 0 0 0 0 0 0 0 0 0 0 0 0 0 0 0 0 0 0 0 0 0 0 0 0 0 0 0 0 0 0 0 0 0 0 0 0 0 0 111 0 0 0 0 0 0 0 0 0 0 0 0 0 0 247 
255 255 255 76 229 255 255 255 255 255 255 255 255 255 255 255 255 166 23 69 255 255 255 255 255 255 255 255 255 255 255 255 128 0 0 255 255 255 255 255 255 255 255 255 255 255 255 128 0 0 255 255 255 255 255 255 255 255 255 255 255 247 115 0 0 229 229 229 229 229 229 229 229 229 229 255 186 13 0 0 25 25 26 25 25 25 25 26 25 25 76 54 0 0 0 0 0 0 0 0 0 0 0 0 0 0 0 0 0 0 0 0 0 0 0 0 0 0 0 0 0 0 0 0 0 0 0 0 0 0 0 0 0 0 0 0 0 0 0 0 0 0 0 0 0 0 0 0 0 0 
255 255 161 0 0 238 255 255 255 255 255 255 255 255 255 255 255 0 0 0 238 255 255 255 255 255 255 255 255 255 255 255 0 0 0 238 255 255 255 255 255 255 255 255 255 255 255 0 0 0 238 255 255 255 255 255 255 255 166 231 224 140 0 0 0 131 140 140 140 140 140 140 140 0 103 84 0 0 0 0 0 0 0 0 0 0 0 0 0 0 0 0 0 0 0 0 0 0 0 0 0 0 0 0 0 0 0 0 0 0 0 0 0 0 0 0 0 0 0 0 0 0 0 0 0 0 0 0 0 0 0 0 0 0 0 178 0 0 0 0 226 242 242 242 242 242 210 161 242 242 
255 255 255 17 0 119 255 255 255 255 255 255 255 255 255 255 255 255 17 0 119 255 255 255 255 255 255 255 255 255 255 255 212 13 0 119 255 255 255 255 255 255 255 255 255 255 255 93 1 0 119 255 255 255 255 255 255 255 255 255 255 255 85 0 0 42 89 89 89 89 89 89 89 89 89 243 166 55 0 0 0 0 0 0 0 0 0 0 0 0 210 0 0 0 0 0 0 0 0 0 0 0 0 0 0 55 0 0 0 0 0 0 0 0 0 0 0 0 0 0 99 0 0 0 0 0 0 0 0 0 0 0 0 0 99 221 0 0 0 0 0 0 0 0 0 0 0 0 0 221 
255 255 213 0 0 94 255 255 255 255 255 255 255 255 255 255 245 128 0 0 94 255 255 255 255 255 255 255 255 255 255 229 0 0 0 94 255 255 255 255 255 255 255 255 255 255 229 0 0 0 94 255 255 255 255 255 255 255 255 255 204 184 0 0 0 75 204 204 204 204 204 204 204 204 204 51 46 0 0 0 19 51 51 51 51 51 51 51 51 51 0 0 0 0 0 0 0 0 0 0 0 0 0 0 0 0 0 0 0 0 0 0 0 0 0 0 0 0 0 0 0 0 0 0 0 0 0 0 0 0 0 0 0 0 148 0 0 0 0 0 0 0 0 0 0 0 0 0 0 247 
255 255 170 0 0 238 255 255 255 255 255 255 255 255 255 255 255 0 0 0 238 255 255 255 255 255 255 255 255 255 255 255 0 0 0 238 255 255 255 255 255 255 255 255 255 255 255 0 0 0 238 255 255 255 255 255 255 255 255 255 255 255 0 0 0 238 255 255 255 255 255 255 255 204 187 187 0 0 0 0 0 0 0 0 0 0 0 0 0 0 0 0 0 0 0 0 0 0 0 0 0 0 0 0 0 0 0 0 0 0 0 0 0 0 0 0 0 0 0 0 0 0 0 0 0 0 0 0 0 0 0 0 0 0 0 0 0 0 0 0 0 0 0 0 0 0 0 0 0 187 
255 255 213 0 0 94 255 255 255 255 255 255 255 255 255 255 241 96 0 0 94 255 255 255 255 255 255 255 255 255 255 229 0 0 0 94 255 255 255 255 255 255 255 255 255 255 229 0 0 0 94 255 255 255 255 255 255 255 255 255 255 229 0 0 0 33 161 255 255 255 139 89 89 89 249 166 149 0 0 0 0 72 166 166 166 50 0 0 0 160 0 0 0 0 0 0 0 0 0 0 0 0 0 0 0 0 0 0 0 0 0 0 0 0 0 0 0 0 0 0 0 0 0 0 0 0 0 0 0 0 0 0 0 0 111 0 0 0 0 0 0 0 0 0 0 0 0 0 0 247 
255 255 255 76 0 255 255 255 255 255 255 255 255 255 255 255 255 185 34 0 255 255 255 255 255 255 255 255 255 255 255 255 128 0 0 255 255 255 255 255 255 255 255 255 255 255 255 128 0 0 255 255 255 255 255 255 255 255 255 255 255 205 45 0 0 89 89 89 205 106 89 89 89 89 89 166 116 0 0 0 0 0 0 116 17 0 0 0 0 0 0 0 0 0 0 0 0 0 0 0 0 0 0 0 0 0 0 0 0 0 0 0 0 0 0 0 0 0 0 0 0 0 0 0 0 0 0 0 0 0 0 0 0 0 0 0 0 0 0 0 0 0 0 0 0 0 0 0 0 0 
255 255 255 195 0 94 255 255 255 255 255 255 255 255 255 255 255 232 88 0 42 175 255 255 255 255 255 255 255 255 255 255 213 0 0 0 110 255 255 255 255 255 255 255 255 255 255 213 0 0 0 110 255 255 255 255 255 255 255 255 255 238 74 0 0 0 39 89 89 89 89 89 89 89 89 252 149 0 0 0 0 0 0 0 0 0 0 0 0 0 234 0 0 0 0 0 0 0 0 0 0 0 0 0 0 62 0 0 0 0 0 0 0 0 0 0 0 0 0 0 111 0 0 0 0 42 115 57 0 0 0 0 0 0 0 247 0 0 0 0 94 255 128 0 0 0 0 0 0 0 
255 255 249 0 0 246 255 255 255 255 255 255 255 255 255 255 255 128 0 0 76 255 255 255 255 255 255 255 255 255 255 255 128 0 0 76 255 255 255 255 255 255 255 255 255 255 255 83 0 0 76 255 255 255 255 255 255 255 255 255 255 255 0 0 0 42 140 140 140 140 140 140 140 140 140 213 115 0 0 0 0 0 0 0 0 0 0 0 0 0 179 0 0 0 0 0 0 0 0 0 0 0 0 0 0 45 0 0 0 0 0 0 0 0 0 0 0 0 0 0 0 0 0 0 0 0 0 0 0 0 0 0 0 0 0 170 0 0 0 0 0 0 0 0 0 0 0 0 0 0 
255 255 255 0 0 255 255 255 255 255 255 255 255 255 255 255 255 115 0 0 115 255 255 255 255 255 255 255 255 255 255 255 0 0 0 0 255 255 255 255 255 255 255 255 255 255 255 0 0 0 0 255 255 255 255 255 255 255 255 255 255 89 0 0 0 0 89 89 89 89 89 89 89 89 89 166 0 0 0 0 0 0 0 0 0 0 0 0 0 0 0 0 0 0 0 0 0 0 0 0 0 0 0 0 0 0 0 0 0 0 0 0 0 0 0 0 0 0 0 0 115 0 0 0 0 0 0 115 115 115 0 0 0 0 115 255 0 0 0 0 0 0 255 255 255 0 0 0 0 255 
2 12
255 255 213 42 128 255 255 255 255 255 255 213 42 0 0 255 204 144 110 178 255 255 255 255 255 204 144 110 51 0 255 128 42 213 255 255 255 255 255 255 128 42 213 128 0 102 127 170 238 255 255 255 255 229 127 127 170 238 128 0 0 128 255 255 255 255 255 229 178 76 153 255 255 128 0 0 128 255 255 255 255 255 153 76 178 229 255 255 128 0 102 127 170 238 255 238 170 127 127 229 255 255 255 128 0 255 128 42 213 255 213 42 128 255 255 255 255 255 128 0 255 204 145 110 102 110 145 204 255 255 255 230 127 51 0 255 255 213 42 0 42 213 255 255 255 255 213 42 0 0 
255 255 255 255 255 255 255 255 255 255 255 255 187 31 153 255 255 255 255 255 255 255 255 255 255 255 248 68 0 0 255 255 255 255 255 255 255 255 255 255 255 0 0 0 0 255 255 187 51 51 241 255 255 255 241 20 0 0 0 0 214 20 0 0 61 248 255 255 173 0 0 34 187 0 0 0 0 0 221 255 255 207 153 0 0 61 255 255 0 0 187 0 0 177 204 14 0 0 0 65 255 255 221 0 0 187 0 0 0 0 0 0 0 136 255 255 255 85 0 0 255 255 204 204 204 204 255 255 255 255 255 255 85 0 0 255 255 255 255 255 255 255 255 255 255 255 255 187 0 112 
255 255 213 42 128 255 255 255 255 255 255 255 255 128 0 255 185 119 136 198 255 255 255 255 255 255 232 138 57 0 191 96 42 213 255 255 255 255 255 255 223 159 32 0 0 13 6 42 213 255 255 255 255 255 255 134 11 2 0 0 0 0 42 213 255 255 255 255 227 117 45 28 138 83 0 0 0 28 138 210 240 180 166 138 28 45 117 227 128 0 13 6 0 0 121 202 40 6 13 13 134 253 244 121 0 191 96 0 0 32 53 11 96 191 191 223 223 95 32 0 255 185 115 115 115 115 115 185 255 255 255 213 42 57 115 255 255 255 255 255 255 255 255 255 255 255 213 42 128 255 
255 128 0 0 128 255 255 255 255 255 255 255 255 128 0 153 77 17 85 178 255 255 255 255 255 255 238 170 77 0 0 0 42 213 255 255 255 255 255 255 255 213 42 0 0 0 0 42 213 255 255 255 255 255 255 178 110 144 77 0 0 0 42 213 255 255 255 229 204 204 127 85 221 128 0 0 0 42 213 255 255 255 153 51 51 127 212 246 128 0 102 51 25 128 153 153 153 77 17 85 178 255 255 128 0 255 128 0 0 0 0 0 0 42 213 255 255 255 128 0 255 204 128 25 0 25 128 153 170 238 255 230 127 51 0 255 255 213 42 0 42 213 255 255 255 255 213 42 0 0 
255 255 255 255 255 255 255 255 255 255 255 255 170 0 0 255 255 110 38 125 255 255 255 255 255 255 154 25 0 0 255 102 21 0 102 255 255 255 255 255 140 34 0 0 0 89 18 0 88 201 255 255 255 255 133 36 0 0 0 0 0 0 93 201 255 255 255 255 133 31 0 65 93 0 0 0 0 93 201 255 224 140 140 19 84 115 180 170 0 0 0 0 0 88 166 122 0 0 77 211 255 213 110 0 0 64 13 0 0 0 0 8 64 229 255 217 102 0 13 64 255 82 13 0 15 38 67 255 255 255 125 38 38 82 255 255 255 85 0 102 255 255 255 255 255 255 255 255 255 255 
255 255 255 255 255 255 255 255 255 255 255 255 242 0 242 255 217 217 217 255 255 255 255 255 255 255 217 0 0 0 191 0 0 0 255 255 255 255 255 255 191 0 0 0 0 0 0 0 0 255 255 255 255 255 255 0 0 0 0 0 0 0 0 0 255 255 255 255 140 140 0 0 0 0 0 0 0 0 0 115 115 115 115 0 0 140 0 0 0 0 0 0 0 0 0 0 0 0 0 166 255 0 0 0 0 191 0 0 0 0 0 0 0 191 255 255 0 0 0 0 255 217 217 0 0 0 217 217 255 255 255 0 0 0 0 255 255 255 242 242 242 255 255 255 255 255 242 0 0 242 
255 255 255 255 255 255 255 255 255 255 255 255 242 0 242 255 217 217 217 255 255 255 255 255 255 255 217 0 0 0 191 0 0 0 255 255 255 255 255 255 255 0 0 0 0 0 0 0 0 255 255 255 255 255 255 166 0 0 0 0 0 0 0 0 255 255 255 255 140 140 0 0 0 0 0 0 0 0 0 115 115 115 115 0 0 140 140 0 0 0 166 0 0 0 0 0 0 0 0 166 255 255 0 0 0 255 0 0 0 0 0 0 0 0 255 255 255 0 0 0 255 217 217 0 0 0 0 217 217 255 255 255 0 0 0 255 255 255 242 242 242 242 255 255 255 255 255 242 0 242 
255 255 255 255 255 255 255 255 255 255 255 255 242 0 242 255 217 217 217 255 255 255 255 255 255 255 217 0 0 0 191 0 0 0 255 255 255 255 255 255 191 0 0 0 0 0 0 0 0 255 255 255 255 255 255 0 0 0 0 0 0 0 0 0 255 255 255 255 140 140 0 0 0 0 0 0 0 0 0 115 115 115 115 0 0 140 0 0 0 0 0 0 0 0 0 0 0 0 0 166 255 0 0 0 0 191 0 0 0 0 0 0 0 191 255 255 0 0 0 0 255 217 217 0 0 0 217 217 255 255 255 217 0 0 0 255 255 255 242 242 242 255 255 255 255 255 255 0 0 242 
255 255 255 255 255 255 255 255 255 255 255 255 170 0 0 255 82 38 38 125 255 255 255 255 255 255 154 25 0 0 255 51 0 0 102 255 255 255 255 255 140 34 0 0 0 89 18 0 88 201 255 255 255 255 133 36 0 0 0 0 0 0 93 201 255 255 236 115 115 31 0 65 93 0 0 0 0 93 140 140 140 122 0 0 0 69 180 170 0 0 89 18 0 0 0 0 0 0 0 65 189 255 170 0 0 255 51 0 0 0 0 0 0 55 204 255 255 170 0 0 255 82 38 18 0 10 38 38 226 255 255 255 170 0 0 255 255 255 119 0 68 255 255 255 255 255 255 170 0 0 
255 255 238 229 0 107 248 255 255 255 235 0 0 0 199 255 224 60 0 0 0 187 255 255 214 36 0 0 0 0 238 77 0 0 0 60 221 255 221 60 0 0 0 0 0 221 0 0 0 178 214 255 255 187 0 0 167 0 0 155 221 0 0 214 255 255 255 255 19 0 0 238 0 0 221 22 0 0 238 255 255 255 0 0 14 209 238 0 0 221 221 0 0 167 178 178 178 0 0 136 255 238 0 0 155 238 77 0 0 0 0 0 0 34 195 255 238 0 0 0 255 153 0 0 0 0 0 0 199 255 255 238 0 0 0 255 245 77 0 0 0 0 229 255 255 255 238 0 0 199 
255 255 255 255 255 255 255 255 255 255 255 255 0 0 0 255 38 38 38 38 255 255 255 255 255 255 38 0 0 0 64 0 0 0 191 255 255 255 255 255 255 0 0 0 0 0 0 0 0 255 255 255 255 255 255 89 0 0 0 0 0 0 0 0 115 255 255 255 115 115 0 0 0 0 0 0 0 0 0 0 140 140 140 0 0 115 115 0 0 0 89 0 0 0 0 0 0 0 0 89 255 255 0 0 0 255 64 0 0 0 0 0 0 64 255 255 255 0 0 0 255 255 38 0 0 0 0 38 255 255 255 255 0 0 0 255 255 255 0 0 0 0 255 255 255 255 255 0 0 0 
255 179 42 0 0 110 247 255 255 255 255 255 213 76 0 191 134 32 23 57 146 249 255 255 255 248 215 159 57 0 64 45 11 70 172 219 253 255 255 255 236 134 53 19 0 0 0 0 94 229 255 255 255 253 219 172 70 0 0 0 0 0 0 94 229 255 255 255 249 146 57 23 0 0 0 0 0 0 70 172 191 191 191 187 119 57 23 0 0 0 0 0 0 23 57 64 64 64 68 136 172 70 0 0 0 64 45 11 0 0 0 0 32 70 172 229 94 0 0 0 191 134 32 0 0 0 0 96 193 227 229 94 0 0 0 255 179 42 0 0 0 0 128 255 255 229 94 0 0 0 
3 9
255 255 255 0 255 255 255 255 255 255 255 255 255 0 255 255 255 38 217 255 255 255 255 255 255 255 255 255 0 38 255 64 191 255 255 255 255 255 255 255 255 255 255 0 0 89 0 255 255 255 255 255 89 255 255 255 255 255 166 0 0 0 255 255 255 255 255 0 255 255 255 255 255 255 0 0 0 140 255 255 255 140 0 140 255 255 255 255 255 0 89 0 0 166 166 166 0 0 0 255 255 255 255 166 89 255 64 0 0 0 64 64 0 0 191 191 191 191 64 255 255 255 38 38 38 255 255 38 0 0 0 0 38 255 255 255 255 255 255 255 255 255 255 0 0 0 0 255 255 255 
255 179 42 94 229 255 255 255 255 255 229 94 42 179 255 191 153 85 134 236 255 255 255 255 255 236 134 85 153 191 64 102 170 215 248 255 255 255 255 255 248 215 170 102 64 0 76 213 255 255 227 193 223 255 255 255 255 213 76 0 0 76 213 255 255 172 70 159 255 255 255 255 213 76 0 0 76 213 255 255 145 8 128 255 255 255 255 213 76 0 0 76 213 255 255 145 8 128 255 255 255 255 213 76 0 64 102 170 191 191 136 68 127 191 191 191 191 170 102 64 191 153 85 64 64 119 187 128 64 64 64 64 85 153 191 255 179 42 0 0 110 247 128 0 0 0 0 42 179 255 
255 153 0 153 255 255 255 255 255 255 255 153 0 0 0 153 133 102 194 255 255 255 255 255 255 255 194 102 41 0 0 102 255 255 255 255 255 255 255 255 255 255 255 102 0 0 102 255 255 255 255 194 102 194 255 255 255 255 102 0 0 102 255 255 245 214 122 0 153 255 255 255 255 102 0 0 102 255 255 214 92 31 0 153 255 255 255 255 102 0 0 61 153 153 122 31 0 0 92 173 234 214 153 61 0 0 0 0 0 0 0 0 0 0 51 204 153 0 0 0 153 153 153 153 153 153 153 153 61 20 82 61 0 92 153 255 255 255 255 255 255 255 255 102 0 0 0 0 153 255 
255 128 42 213 255 255 255 255 255 255 255 213 42 0 0 153 77 42 213 255 255 255 255 255 255 255 213 42 0 0 0 0 42 213 255 255 255 255 255 255 255 213 42 0 0 0 77 170 238 255 229 127 178 255 255 255 238 170 77 0 0 128 255 255 255 213 42 102 212 246 255 255 255 128 0 0 128 255 255 255 213 42 26 85 221 255 255 255 128 0 0 77 153 153 153 128 25 0 42 213 255 238 170 127 102 0 0 0 0 0 0 0 0 42 213 255 213 42 128 255 153 77 0 0 77 153 153 77 17 85 102 85 17 128 255 255 128 0 0 128 255 255 128 0 0 0 0 0 128 255 
255 255 255 255 255 255 255 255 255 187 0 0 0 204 255 255 255 229 178 224 255 255 255 255 187 0 0 0 143 250 255 229 85 0 153 255 255 255 255 221 77 0 0 0 238 243 61 0 0 153 255 255 255 255 255 153 0 0 0 71 24 0 0 0 153 255 255 255 255 255 153 0 0 0 0 24 0 0 0 138 61 0 0 31 229 138 0 0 0 24 238 0 0 0 0 0 0 0 0 0 0 0 0 0 238 246 127 85 0 0 0 0 0 0 0 0 0 0 102 246 255 255 230 179 71 0 0 0 0 0 0 0 119 240 255 255 255 255 255 240 229 229 229 199 0 92 229 246 255 255 
255 255 255 255 255 255 255 255 255 255 255 119 0 0 0 255 255 255 255 255 255 255 255 255 255 255 119 0 0 0 238 0 85 255 255 255 255 255 255 255 255 119 0 0 0 0 0 0 119 255 255 34 0 34 255 255 255 85 0 0 0 0 0 0 153 68 0 0 34 255 255 255 85 0 0 238 0 0 0 0 0 0 0 0 68 255 255 85 0 0 238 0 0 0 0 0 0 0 0 0 0 0 0 0 0 255 204 0 0 0 0 0 0 0 0 0 0 0 0 238 255 204 0 0 0 187 255 255 0 0 0 0 0 204 255 255 255 255 255 255 255 255 255 221 0 0 136 255 255 255 
255 255 179 178 71 250 255 255 255 238 0 0 0 194 255 255 71 0 0 0 238 255 255 255 238 0 0 0 5 194 94 0 0 0 0 238 255 255 255 246 127 0 0 0 94 0 0 9 224 255 255 229 229 243 255 255 224 9 0 0 0 0 85 255 255 255 0 0 136 255 255 255 85 0 0 0 0 85 255 255 255 0 0 136 255 255 255 85 0 0 0 0 9 224 255 41 0 0 136 255 255 224 9 0 0 187 0 0 0 0 0 0 0 0 9 127 0 0 0 94 255 71 0 0 0 0 12 0 0 0 0 0 0 5 194 255 255 179 24 71 179 214 179 83 0 0 0 119 194 255 
0 0 42 213 255 255 255 255 255 255 255 213 42 0 0 0 0 42 213 255 255 255 255 255 255 255 213 42 0 0 0 0 42 213 255 255 255 255 255 255 255 213 42 0 0 0 0 42 213 255 229 127 178 255 255 255 238 170 77 0 0 0 42 213 229 170 34 128 255 255 255 246 212 102 0 0 0 42 213 153 43 8 128 255 255 255 221 85 26 0 0 0 42 213 128 0 0 77 153 153 153 128 25 0 0 0 0 42 213 128 0 0 0 0 0 0 0 0 0 0 0 0 17 85 51 0 0 0 0 0 0 0 0 77 153 0 0 0 0 0 0 0 0 0 0 0 0 0 128 255 
255 128 0 0 128 255 255 255 255 255 128 0 0 128 255 115 57 0 0 128 255 255 255 255 255 128 0 0 57 115 0 0 11 53 159 244 202 223 255 255 159 53 11 0 0 0 0 40 202 249 215 53 134 255 255 249 202 40 0 0 0 83 180 240 255 213 42 128 255 255 255 240 180 83 0 0 83 180 240 210 138 28 83 180 240 255 240 180 83 0 0 0 40 202 121 0 0 0 40 202 242 202 40 0 0 0 0 11 53 32 0 0 0 11 53 64 53 11 0 0 115 57 0 0 0 0 0 0 0 0 0 0 0 57 115 255 128 0 0 0 0 0 0 0 0 0 0 0 128 255 
4 5
255 255 255 255 255 255 255 255 213 42 128 255 255 255 255 255 255 255 255 255 225 106 76 64 13 128 255 255 255 255 255 255 255 255 191 106 21 64 106 21 128 255 255 255 255 255 255 242 191 89 13 64 166 213 42 128 255 255 255 255 229 229 195 59 26 64 217 255 213 42 128 255 255 255 255 25 26 59 195 229 234 251 255 213 42 128 255 255 255 255 0 0 13 64 76 76 76 76 64 13 38 76 76 76 76 127 128 127 127 128 127 127 128 106 21 64 127 127 128 127 255 255 255 255 255 255 255 255 213 42 128 255 255 255 255 255 255 255 255 255 255 255 255 213 42 128 255 255 255 255 
255 255 255 255 255 255 153 0 0 0 0 102 255 255 255 255 255 255 255 242 204 115 0 38 51 13 102 255 255 255 255 255 255 255 217 102 38 0 115 153 38 102 255 255 255 255 229 191 191 166 89 64 64 178 204 51 102 255 217 191 255 178 64 64 89 166 191 191 229 204 51 102 255 140 64 191 115 0 0 38 153 191 191 191 153 38 76 191 76 0 64 38 0 0 13 51 64 64 64 51 13 25 64 25 0 64 64 64 64 64 64 64 64 64 51 13 25 64 25 0 191 191 191 191 191 191 191 191 191 153 38 76 191 76 0 255 255 255 255 255 255 255 255 255 204 51 102 255 102 0 
255 255 255 255 255 255 255 128 0 0 0 60 255 255 255 255 255 255 255 255 118 38 19 0 0 0 60 255 255 255 255 255 95 64 64 23 0 0 0 0 0 60 255 255 255 89 89 15 0 0 0 0 83 166 105 0 60 255 255 255 0 0 0 0 0 89 61 128 194 73 0 60 255 255 255 0 0 0 88 115 131 61 70 79 0 0 33 140 140 140 89 89 89 216 255 94 0 0 0 0 0 0 0 0 0 255 255 255 255 255 134 64 64 36 0 0 0 0 6 64 255 255 255 255 255 255 255 255 161 24 0 9 38 60 255 255 255 255 255 255 255 255 255 255 161 0 60 255 255 255 
255 255 255 255 255 255 255 255 229 0 0 229 255 255 255 255 255 255 255 255 255 179 179 0 0 0 0 255 255 255 255 255 255 255 255 128 0 0 0 0 0 0 255 255 255 255 255 255 255 76 0 0 0 179 0 0 0 255 255 255 255 255 26 26 0 0 0 229 255 0 0 0 255 255 255 229 0 0 0 0 0 229 229 229 0 0 0 229 229 229 0 0 0 0 0 0 0 0 0 0 0 0 0 0 0 0 0 0 0 0 0 0 0 0 0 0 0 0 0 0 179 179 179 179 179 179 179 179 179 0 0 0 179 179 179 255 255 255 255 255 255 255 255 255 0 0 0 255 255 255 
255 255 255 255 255 255 249 242 105 0 0 0 213 255 255 255 255 255 255 255 241 123 0 0 0 0 0 213 255 255 255 255 255 240 191 121 0 0 0 0 0 0 213 255 255 255 255 240 127 0 0 0 45 39 0 0 0 213 255 255 255 243 117 0 0 0 50 185 110 0 0 0 213 152 251 250 103 0 0 0 0 50 115 50 0 0 0 96 11 111 86 0 0 0 0 0 0 0 0 0 0 0 0 0 0 185 0 0 0 0 0 0 0 0 0 0 0 0 0 0 254 217 217 217 217 217 217 217 94 0 0 0 181 217 217 255 255 255 255 255 255 255 255 248 89 0 186 253 255 255 
5 3
255 255 255 255 255 255 255 255 255 255 255 255 213 0 0 255 255 255 118 76 189 255 255 255 255 255 255 213 0 0 255 140 127 30 0 161 255 255 255 255 255 255 234 115 0 178 18 64 18 0 113 222 255 255 255 255 255 255 229 0 0 0 213 79 8 0 145 255 255 255 255 255 255 229 0 0 0 213 235 69 0 145 255 255 255 255 255 255 229 0 0 0 213 255 76 0 43 166 255 255 255 255 225 87 178 0 0 213 255 166 47 0 64 127 174 255 225 127 140 255 0 69 225 255 255 142 33 0 0 65 179 155 106 255 255 0 229 255 255 255 255 110 0 0 0 0 60 255 255 255 
255 255 255 255 255 255 255 255 255 255 255 153 0 153 255 153 153 153 153 153 153 194 255 255 255 255 194 102 133 153 0 0 0 0 0 0 102 255 255 255 255 255 255 102 0 0 61 153 153 122 31 102 255 255 255 255 255 255 102 0 0 102 255 255 204 51 102 255 255 255 255 255 255 102 0 0 102 255 255 204 51 102 255 255 255 255 255 255 102 0 0 102 255 255 204 51 102 255 255 255 255 255 255 102 0 0 102 255 255 204 51 102 255 255 255 255 255 255 102 0 0 102 255 255 235 173 133 102 102 102 102 102 102 133 153 0 102 255 255 255 255 153 0 0 0 0 0 0 153 255 
0 0 0 0 0 0 102 255 255 255 255 153 0 0 0 0 41 102 102 82 20 102 255 255 255 255 194 102 41 0 0 102 255 255 204 51 102 255 255 255 255 255 255 102 0 0 102 255 255 204 51 102 255 255 255 255 255 255 102 0 0 102 255 255 204 51 102 255 255 255 255 255 255 102 0 0 102 255 255 204 51 102 255 255 255 255 255 255 102 0 0 102 255 255 204 51 61 153 214 255 255 214 153 61 0 0 102 255 255 204 51 0 0 153 255 255 153 0 0 0 153 194 255 255 235 173 92 0 61 102 102 61 0 92 153 255 255 255 255 255 255 153 0 0 0 0 0 0 153 255 
6 2
255 255 255 102 0 0 0 0 0 0 0 102 255 255 255 255 214 153 61 20 82 61 0 0 20 82 122 153 153 153 255 153 0 0 51 204 153 0 0 51 204 153 0 0 0 102 61 0 92 143 112 61 0 92 173 234 214 153 61 0 0 20 51 173 204 51 20 51 173 255 255 255 255 102 0 0 82 204 235 204 51 82 204 235 255 255 255 255 102 0 0 102 255 255 204 51 61 153 214 255 255 255 255 102 0 0 102 255 255 204 51 0 0 153 255 255 255 255 102 0 0 102 255 255 235 173 92 0 61 102 102 102 102 133 153 0 102 255 255 255 255 153 0 0 0 0 0 0 153 255 
255 255 255 255 255 187 0 0 0 0 153 255 255 255 255 255 255 255 139 38 28 0 0 0 0 23 38 38 82 255 255 255 127 30 0 0 0 0 0 0 0 0 0 13 64 255 122 30 0 0 0 0 0 0 0 0 0 0 0 0 115 23 0 75 140 103 0 0 122 140 140 140 93 0 0 0 0 77 189 255 187 0 0 221 255 255 255 170 0 0 0 0 170 255 255 187 0 0 144 166 166 166 110 0 0 0 51 191 255 255 187 0 0 0 0 0 0 0 0 0 38 212 255 255 255 197 33 0 0 0 0 0 0 8 38 255 255 255 255 255 255 221 0 0 0 0 0 0 51 255 
7 6
0 0 0 153 255 255 255 255 255 255 255 255 255 255 255 0 41 102 194 255 255 255 255 255 255 255 255 255 255 255 0 102 255 255 255 255 255 255 255 255 255 255 255 255 255 0 102 255 255 255 255 255 255 255 255 255 255 255 255 255 0 102 255 255 255 255 255 255 224 204 204 204 204 204 204 0 102 255 255 255 255 255 255 132 51 51 51 51 51 51 0 61 153 153 153 153 153 153 122 102 102 102 102 102 102 0 0 0 0 0 0 0 0 153 255 255 255 255 255 255 0 0 0 92 153 153 153 153 214 255 255 255 255 255 255 0 0 0 153 255 255 255 255 255 255 255 255 255 255 255 
0 0 0 153 255 255 255 255 255 255 255 255 255 255 255 0 25 64 178 255 255 255 255 255 255 255 255 255 255 255 0 76 191 229 255 255 255 255 255 255 255 255 255 255 255 0 102 255 255 255 255 255 255 255 255 255 229 191 191 191 0 102 255 255 255 255 255 255 255 255 255 178 64 64 64 0 102 255 255 242 204 191 191 191 191 191 140 64 64 64 0 102 255 255 217 102 64 64 64 64 64 115 191 191 191 0 76 191 191 153 38 25 64 64 64 64 140 255 255 255 0 25 64 64 51 13 76 191 191 191 191 217 255 255 255 0 0 0 0 0 0 102 255 255 255 255 255 255 255 255 
255 255 85 0 102 255 255 255 255 255 255 255 255 255 255 38 38 13 0 102 255 255 255 255 255 255 154 38 38 38 0 0 0 102 217 255 255 255 255 255 140 34 0 0 0 0 0 0 136 255 255 255 255 111 89 36 0 55 166 166 0 0 0 136 255 218 115 115 15 0 0 65 178 255 255 0 0 0 136 209 103 0 0 0 84 115 180 255 255 255 0 0 0 88 99 0 12 89 89 211 255 255 255 255 255 0 0 0 0 25 64 89 255 255 255 255 255 255 255 255 0 0 0 20 125 255 255 255 255 255 255 255 255 255 255 0 0 0 136 255 255 255 255 255 255 255 255 255 255 255 
234 166 138 161 255 255 255 255 255 255 255 255 255 255 255 195 0 0 0 255 255 255 255 255 255 255 255 255 251 242 195 0 0 0 255 255 255 255 255 255 83 64 64 45 0 107 0 0 0 255 255 255 198 140 0 0 0 0 0 0 166 0 0 161 251 217 0 0 0 0 0 0 0 0 29 0 0 0 161 34 0 0 0 0 0 0 0 0 217 246 195 0 0 0 0 0 0 0 136 190 255 255 255 255 255 0 0 0 0 0 0 70 255 255 255 255 255 255 255 255 186 0 0 0 24 242 255 255 255 255 255 255 255 255 255 234 50 28 166 255 255 255 255 255 255 255 255 255 255 255 
147 0 0 161 255 255 255 255 255 255 255 255 255 255 255 147 0 0 161 255 255 255 255 255 255 255 255 255 255 255 195 0 0 161 255 255 255 255 255 191 191 0 0 0 0 195 0 0 161 255 255 255 255 70 0 0 0 0 0 0 195 0 0 161 255 219 185 0 0 0 0 0 0 0 0 195 0 0 161 64 28 0 0 0 0 0 0 159 191 191 195 0 0 0 0 0 0 0 62 146 255 255 255 255 255 49 0 0 0 0 0 6 191 253 255 255 255 255 255 255 0 0 0 0 6 172 255 255 255 255 255 255 255 255 255 0 0 0 0 198 255 255 255 255 255 255 255 255 255 255 
0 0 0 161 255 255 255 255 255 255 255 255 255 255 255 0 0 0 161 255 255 255 255 255 255 255 255 255 255 255 0 0 0 161 255 255 255 255 255 127 127 0 0 0 98 0 0 0 161 255 255 254 115 0 0 0 0 0 0 195 0 0 0 161 255 154 74 0 0 0 0 0 0 0 195 0 0 0 113 0 0 0 0 0 0 69 76 76 255 255 0 0 0 0 0 0 0 0 222 229 252 255 255 255 255 0 0 0 0 0 72 132 255 255 255 255 255 255 255 255 0 0 0 0 48 255 255 255 255 255 255 255 255 255 255 0 0 0 113 255 255 255 255 255 255 255 255 255 255 255 
8 2
255 153 0 0 0 0 102 255 102 0 0 0 0 153 255 153 92 0 61 82 20 61 153 122 102 102 61 0 92 153 0 0 0 153 204 51 0 0 153 255 255 153 0 0 0 0 61 153 214 234 173 92 0 153 255 255 214 153 61 0 0 102 255 255 255 255 153 0 153 255 255 255 255 102 0 0 102 255 255 255 255 153 0 153 255 255 255 255 102 0 0 61 153 214 234 173 92 0 92 173 234 214 153 61 0 0 0 0 153 204 51 0 0 0 51 204 153 0 0 0 153 92 0 61 82 20 61 153 61 20 82 61 0 92 153 255 153 0 0 0 0 102 255 102 0 0 0 0 153 255 
0 0 0 0 0 0 0 0 0 0 0 0 0 0 0 0 25 64 64 64 64 38 0 38 64 64 64 64 25 0 0 76 191 191 191 191 115 0 115 191 191 191 191 76 0 0 102 255 255 255 255 153 0 153 255 255 255 255 102 0 0 102 255 255 255 255 153 0 153 255 255 255 255 102 0 0 102 255 255 255 255 153 0 153 255 255 255 255 102 0 0 102 255 255 255 255 153 0 153 255 255 255 255 102 0 0 76 191 191 191 191 115 0 115 191 191 191 191 76 0 0 25 64 64 64 64 38 0 38 64 64 64 64 25 0 0 0 0 0 0 0 0 0 0 0 0 0 0 0 0 
9 2
255 153 0 0 0 0 102 255 255 255 255 255 255 102 0 153 92 0 61 102 102 122 153 214 255 255 255 255 102 0 0 0 0 153 255 255 153 0 153 255 255 255 255 102 0 0 61 153 214 255 255 214 153 122 133 224 255 255 102 0 0 102 255 255 255 255 255 255 102 51 204 255 255 102 0 0 102 255 255 255 255 255 255 102 51 204 255 255 102 0 0 61 153 153 153 153 153 153 122 112 143 153 153 122 102 0 0 0 0 0 0 0 0 153 204 51 0 0 153 255 153 153 153 61 0 0 0 0 61 82 20 61 153 214 255 255 255 255 102 0 0 0 0 0 0 0 102 255 255 255 
255 128 0 0 0 0 0 0 42 213 255 255 255 128 0 191 96 11 53 64 64 64 32 42 213 255 255 255 128 0 64 32 32 159 191 191 191 96 42 213 255 255 255 128 0 0 32 95 223 255 255 255 128 42 213 255 244 202 96 0 0 96 202 244 255 255 255 128 42 213 255 223 95 32 0 0 96 202 244 255 255 255 128 42 213 255 213 42 32 64 0 32 95 223 255 255 255 128 42 213 255 213 42 96 191 64 32 32 159 191 191 191 96 32 159 191 170 85 159 255 191 96 11 53 64 64 64 32 11 53 64 85 170 223 255 255 128 0 0 0 0 0 0 0 0 0 42 213 255 255 
